#INCLUSive Background Model v1.0
#
#Order = 2
#Organism = mouse
#Sequences = ../background/upstream5000.fa
#Path = 
#

#snf
0.272379	0.228328	0.228382	0.270911	

#oligo frequency
0.081811
0.0540648
0.0765373
0.0599914
0.0745728
0.0623851
0.0148258
0.0764983
0.0621911
0.0496689
0.0628969
0.0536362
0.0538024
0.0622119
0.0741225
0.0807836

#transition matrix
0.36232	0.1794	0.251027	0.207254	
0.404097	0.243169	0.0597841	0.29295	
0.309608	0.212817	0.271835	0.20574	
0.248809	0.200938	0.269114	0.281139	
0.23424	0.234542	0.314732	0.216487	
0.319376	0.278503	0.0715061	0.330616	
0.203558	0.279106	0.300549	0.216786	
0.165658	0.261033	0.305524	0.267784	
0.304092	0.182722	0.320988	0.192198	
0.302832	0.285818	0.0833876	0.327963	
0.283523	0.227722	0.279996	0.208759	
0.194575	0.211503	0.327058	0.266864	
0.293321	0.195681	0.233464	0.277534	
0.285703	0.284216	0.0481447	0.381936	
0.237988	0.20126	0.270128	0.290624	
0.195145	0.233246	0.211196	0.360413	

